-1.0
-0.9259259259259259
-0.8518518518518519
-0.7777777777777778
-0.7037037037037037
-0.6296296296296297
-0.5555555555555556
-0.48148148148148145
-0.4074074074074074
-0.3333333333333333
-0.25925925925925924
-0.18518518518518517
-0.1111111111111111
-0.037037037037037035
0.037037037037037035
0.1111111111111111
0.18518518518518517
0.25925925925925924
0.3333333333333333
0.4074074074074074
0.48148148148148145
0.5555555555555556
0.6296296296296297
0.7037037037037037
0.7777777777777778
0.8518518518518519
0.9259259259259259
1.0
