0.5528890900497173
0.5538612483985752
0.5652749056426292
0.5594022354849977
0.5474149654785645
0.5327296860171545
0.518817436865325
0.4990206514164663
0.47708851285194886
0.4525085600133966
0.42615406491612595
0.4060426840456501
0.38846371076795483
0.37482467022812893
0.3682165738815743
0.3659877547155147
0.37004247621534125
0.3823491834165612
0.38922753085198464
0.4012335169096544
0.4139423313106777
0.4278612985298975
0.4447024253413893
0.44860460229210386
0.4571775196831986
0.4638444333377148
0.4673694784301377
0.4633973964897322
