0.25568231567251876
0.27027519469750066
0.2881627145078752
0.29915252782015556
0.31746007538428317
0.32573174513734654
0.33642723824543913
0.3449142327608541
0.3455261699347454
0.34517398908119873
0.33963815244236656
0.3324829055540007
0.33022567794105495
0.3203277063677707
0.31497377905643564
0.3132707220897491
0.31334537596111417
0.3152649262959221
0.3182054409206526
0.3179115204963245
0.3138029200371011
0.3084223077246013
0.3027044534511629
0.2948137980418698
0.2820622818740281
0.2735115552520665
0.256506443401219
0.2454543817880471
