0.17502247288230732
0.19058654502777767
0.2113002788209424
0.22789653300329193
0.2492696697138524
0.2747591439768466
0.2966737783828198
0.32479152667446926
0.34941699083654576
0.3757213459605729
0.39277855548877544
0.4101904278975315
0.4250019425991431
0.4328473412577954
0.43234670588977975
0.4216588678068718
0.4135178201872563
0.39686260653291894
0.3773159081635403
0.35019974819906996
0.3267522233639935
0.3011567553377214
0.27553184446796913
0.25292049283732954
0.2288805827029488
0.20863571953270021
0.19095360935974118
0.175731607382331
