0.22344555525765344
0.24053435112902957
0.2659833061363865
0.29055012208442443
0.3204242182161911
0.35124780542691497
0.38119353359110725
0.4179686932389872
0.44977332026751077
0.4847174845487039
0.5147168406278576
0.5441415958888629
0.5548228878267596
0.5674926607038013
0.5661954260031005
0.5636651211280579
0.5449864562457578
0.5162162996786024
0.49439520014075405
0.4582538687441658
0.42156168657003484
0.38700448716189784
0.3564239131240165
0.32367074950415986
0.29494376714990095
0.2670283671162099
0.24483542966222657
0.22381967357400676
