0.08684779001918078
0.09355717414111209
0.10246001438289883
0.11229504518974794
0.12326265423420724
0.13490841821344315
0.14647329090363276
0.15691598477354093
0.1652756040242502
0.17472395150814277
0.18189056794165992
0.184952850151742
0.18880369978823394
0.19018937274733674
0.18912908006042528
0.18590737091867734
0.1799857965675222
0.17694017984598345
0.17096933997626568
0.16049816830579366
0.1517328642130757
0.14120935211628433
0.13211841553172812
0.12053157840329451
0.11122791206956448
0.10136765585533301
0.09315013762620297
0.08627428296814917
