0.17400858938024527
0.18971155849470772
0.2100206319418935
0.22807216357923857
0.2518289655843055
0.2730195035119032
0.2992482685020862
0.32293833779547604
0.34840245529957686
0.37509124339348965
0.39326698457275167
0.41436909066962374
0.4250152761405734
0.42773413533760424
0.4318250412851359
0.4251447765091739
0.413148588088011
0.39663957448777315
0.37144509258295
0.35264866241116666
0.32621641623495684
0.2986067192061348
0.2777565284739067
0.2518480470909398
0.23000273114107234
0.20929286139443726
0.1917555996191037
0.1756853753324442
