-1.5
-1.3620689655172413
-1.2241379310344827
-1.0862068965517242
-0.9482758620689655
-0.8103448275862069
-0.6724137931034483
-0.5344827586206896
-0.39655172413793105
-0.25862068965517243
-0.1206896551724138
0.017241379310344827
0.15517241379310345
0.29310344827586204
0.43103448275862066
0.5689655172413793
0.7068965517241379
0.8448275862068966
0.9827586206896551
1.1206896551724137
1.2586206896551724
1.396551724137931
1.5344827586206897
1.6724137931034482
1.8103448275862069
1.9482758620689655
2.086206896551724
2.2241379310344827
2.3620689655172415
2.5
