-2.0
-1.8620689655172413
-1.7241379310344827
-1.5862068965517242
-1.4482758620689655
-1.3103448275862069
-1.1724137931034482
-1.0344827586206897
-0.896551724137931
-0.7586206896551724
-0.6206896551724138
-0.4827586206896552
-0.3448275862068966
-0.20689655172413793
-0.06896551724137931
0.06896551724137931
0.20689655172413793
0.3448275862068966
0.4827586206896552
0.6206896551724138
0.7586206896551724
0.896551724137931
1.0344827586206897
1.1724137931034482
1.3103448275862069
1.4482758620689655
1.5862068965517242
1.7241379310344827
1.8620689655172413
2.0
