0.09112365543842316
0.10183890163898468
0.11462250351905823
0.13107930123806
0.14955689013004303
0.17130887508392334
0.19879046082496643
0.22934168577194214
0.2693624496459961
0.31340405344963074
0.3639644384384155
0.4226239323616028
0.4806882441043854
0.5271504521369934
0.5540606379508972
0.5601347088813782
0.5453919768333435
0.5098618865013123
0.45360517501831055
0.39410290122032166
0.33824288845062256
0.2891848087310791
0.24581106007099152
0.21050569415092468
0.18106192350387573
0.1566803753376007
0.13617035746574402
0.11968325823545456
0.104988232254982
0.09390529990196228
